  0.0 728.9  20.7 760.2 721.4 923.3 663.3 394.3 408.3 728.9 602.1 225.5 132.2 448.2 170.0 819.9  94.9 286.0 521.1 401.5  85.5 987.4 184.7  98.8 303.2 897.9 869.3 950.8 595.3 178.8 153.0 788.4 905.3 435.3 667.4  18.3 802.0 487.7 232.1 437.7 317.2 242.7 992.6 452.4 813.3 448.2 785.7 862.8 586.5  78.3
728.9   0.0 641.5  14.6 903.7 600.3 248.7 572.2 282.9 217.0 122.7 318.5 132.5 674.4 674.0 562.5 575.1 974.6 564.4  85.0 561.3 444.7 673.0 912.1  57.9 209.2 139.1 726.7 619.2 523.6 840.8 958.0 346.1 579.8 748.4 493.2 221.1 764.8 833.2 644.1 814.5 785.3 180.9 328.5 997.0 930.6  55.1 858.8 278.7 515.0
 20.7 641.5   0.0 956.3 535.7 283.5 205.1 456.5  86.1 384.7 254.3 611.2 287.6 404.9 648.8 254.9 303.1 899.3 934.3 173.2 159.5 945.1  10.7 724.0 166.7 651.0 217.9 214.7 104.4 274.2 833.2 864.1  55.8 269.5 720.0 221.7 856.7  55.4  48.8 662.0 315.1 349.2 993.9 260.9 490.6  43.2 571.5  39.3 792.7 889.8
760.2  14.6 956.3   0.0 818.3 795.0 389.3 560.1 150.1 497.2 576.8 365.6 207.5 142.9 631.3 369.5 107.0 842.6 733.0 858.1 981.4 186.9 153.3 521.7 377.9  69.5 761.7 164.7 659.4 364.1 541.9 176.5 826.1 701.7 195.8 931.8 909.1 389.5 507.6 119.6 590.2 618.0  39.4 491.4 871.7 160.0 882.5 624.5 317.7 202.6
721.4 903.7 535.7 818.3   0.0  30.8 543.4 608.4 367.9 448.4 897.5  87.8 948.5 471.2 972.4  87.6 601.2 159.8 492.2 824.2  83.8 709.7 748.1 468.9  83.0 822.1 213.1 360.6 656.9 312.8  87.5 108.0 805.6 786.0  50.7 870.7 537.5  94.4 293.7  50.3 646.5 816.6 974.7 630.9 310.7 946.5 211.1 585.8  23.8 943.0
923.3 600.3 283.5 795.0  30.8   0.0 929.5 777.6 668.2 702.1 322.4 357.7 792.3  16.2 189.1 618.5 319.1 168.6 778.6 456.1 563.9 657.8 841.4 446.6 701.9 528.1 625.9 120.4 775.5 861.0 323.2 883.6 243.4 171.1 685.4 923.7 312.8 769.2  89.6 517.4 773.3 342.2 875.5 937.5 768.8 364.7 239.8 916.9 114.0 629.4
663.3 248.7 205.1 389.3 543.4 929.5   0.0 361.4 346.8 426.2 101.5 580.8 331.5 701.2 277.1 404.5 213.0 467.6 705.3 997.0 554.9 629.1 607.2 532.9 200.1 511.7 620.0 491.9 982.9 355.6 874.7 353.3 109.2  57.5 962.4 250.7  93.3 896.4 738.6 210.7 989.7 427.4 280.3 221.3 799.7 490.5 172.6 315.9 769.7 644.9
394.3 572.2 456.5 560.1 608.4 777.6 361.4   0.0 282.7 156.2 276.9 801.5 693.3 394.2 289.4 592.6 506.5 127.6 408.8 832.3 419.4 208.8 441.8 874.2 643.5 217.8 146.6 681.3 804.6 766.3 504.3 561.9 912.7 656.6 288.5 774.0 468.2 278.3 683.9 870.3 705.1 702.2  45.6 732.8  25.5 529.5 761.7 325.3  31.1 616.9
408.3 282.9  86.1 150.1 367.9 668.2 346.8 282.7   0.0 461.7  50.8 798.9 128.7 425.4 308.9 796.0 889.4 304.4 567.4  53.3 241.3 691.7 861.9 768.9  53.4 488.8 446.8 542.1 638.8 350.4 291.0 366.4 489.5 485.6 504.4 338.3 412.9  88.6 899.9 508.5 342.8 847.6 833.9 210.4 505.6 412.4 656.8 948.1  38.9 317.3
728.9 217.0 384.7 497.2 448.4 702.1 426.2 156.2 461.7   0.0 785.1 964.2  60.5 478.2 626.9 171.5 475.8 690.1 649.0 298.2 511.4 967.1 927.4 862.3 448.4 230.0 196.7 596.4 761.4  59.1 914.6 648.5 810.7 919.1 725.9 963.9 882.3 934.6 724.3 910.4 769.2 477.0 224.5 898.9 299.3 610.6 136.5 143.6 987.9 336.0
602.1 122.7 254.3 576.8 897.5 322.4 101.5 276.9  50.8 785.1   0.0 404.4 259.1  38.0 895.1 301.0 220.3 944.3  62.2 677.6  81.7 220.6 141.9 370.7 934.1 983.0 348.2 814.1 212.6 519.3 478.1 789.5 795.9 412.0 841.5 219.7 451.3 785.4 851.3 720.4 424.1 304.3 779.3 125.4 333.2 775.8 658.7 558.4 411.8 174.4
225.5 318.5 611.2 365.6  87.8 357.7 580.8 801.5 798.9 964.2 404.4   0.0 934.2 183.0 596.0 351.7 745.8 997.8 910.9 646.7 300.0 766.7 506.7 403.1 940.1 996.3 985.9 147.1  58.5 485.1 365.3  86.0 992.3 579.5 741.1  32.9 832.7 712.5 625.6 468.3 858.4 863.2 431.8 437.8 609.3 190.3 869.6 247.1 419.3 982.2
132.2 132.5 287.6 207.5 948.5 792.3 331.5 693.3 128.7  60.5 259.1 934.2   0.0 346.4 907.7 726.6 916.2 756.1 833.0 452.3  63.6 596.7 555.9 675.1 582.5 289.1  40.7 845.6 623.6 962.5 190.5 442.2 227.3 657.6 425.4  40.8 498.5 382.3 210.0 793.8 611.1 974.9 133.4 677.0 153.9 759.7 770.0  37.6 580.6 704.2
448.2 674.4 404.9 142.9 471.2  16.2 701.2 394.2 425.4 478.2  38.0 183.0 346.4   0.0 414.9 254.5 264.3 843.8 171.4 326.0 547.5 224.9 225.1 468.8 968.9 479.9  90.1  20.2 170.4 524.0 759.4 503.2 955.9 693.3 673.8 292.3 613.6 563.4 695.7 365.5 258.1 402.9 901.2 658.0  16.8  95.9 381.3  15.9 886.9 663.0
170.0 674.0 648.8 631.3 972.4 189.1 277.1 289.4 308.9 626.9 895.1 596.0 907.7 414.9   0.0 797.8 821.1 684.5 508.4 159.9 353.4 443.0 499.3 386.4 552.0 492.5  40.1 140.9 554.6 172.8 149.1 595.0 661.1 541.6 959.5 242.1 929.4 796.1 468.2 534.7 387.0 485.6 600.2 887.5 155.9 190.0 704.3 400.0 954.6 166.3
819.9 562.5 254.9 369.5  87.6 618.5 404.5 592.6 796.0 171.5 301.0 351.7 726.6 254.5 797.8   0.0 742.5 532.3 273.7 604.4 315.5 745.0 447.6 258.6 302.4 729.9 263.2 529.5 819.5 425.2 132.2 828.6 895.6 655.0 846.3 139.6 354.0 117.9 435.6 899.7 111.1 627.6  40.1 417.9 811.1 599.8 691.3 106.7 107.5 818.0
 94.9 575.1 303.1 107.0 601.2 319.1 213.0 506.5 889.4 475.8 220.3 745.8 916.2 264.3 821.1 742.5   0.0 883.7 712.7 662.8 737.2 528.9 735.7 686.6  68.7 935.3 675.1 109.7  10.6 828.2 596.4 465.6 451.5  10.3 547.7 352.5 298.0 688.0 578.4 907.0 511.9 178.6 477.0 306.7 313.3 452.2 816.3 319.1 469.5 728.2
286.0 974.6 899.3 842.6 159.8 168.6 467.6 127.6 304.4 690.1 944.3 997.8 756.1 843.8 684.5 532.3 883.7   0.0 224.8 552.0 116.0 493.7 294.6 254.5 275.5 370.6  87.9 143.2 451.8 762.5 302.9 545.3 935.9 602.3 431.9 760.4 213.0 267.5 774.7 656.9 403.2 666.8 483.8 186.8 381.3  95.0 534.3 231.9 558.9 805.2
521.1 564.4 934.3 733.0 492.2 778.6 705.3 408.8 567.4 649.0  62.2 910.9 833.0 171.4 508.4 273.7 712.7 224.8   0.0 341.4 411.3 833.2 385.8 352.1 853.1 797.7 762.4 160.3 445.6  95.3 828.2  92.2 456.3 205.9 174.9 429.3 213.2 879.9 158.5 436.7 794.7 509.6 451.5 662.8 311.8 867.3 370.9 589.8 245.4 956.4
401.5  85.0 173.2 858.1 824.2 456.1 997.0 832.3  53.3 298.2 677.6 646.7 452.3 326.0 159.9 604.4 662.8 552.0 341.4   0.0 837.5 158.6 788.8 760.1 403.9  96.0  64.1 619.6 739.5 744.8 285.3 542.1 407.6 728.9 495.0 847.5 897.1 448.0  59.1 650.3 929.5 948.0 626.8 174.6 629.5 666.7 165.5 989.7 406.0 192.5
 85.5 561.3 159.5 981.4  83.8 563.9 554.9 419.4 241.3 511.4  81.7 300.0  63.6 547.5 353.4 315.5 737.2 116.0 411.3 837.5   0.0 915.7 123.8 520.4 477.7 818.9 214.9 176.2 738.8  73.0 642.7 687.2 840.6  88.0 696.1 160.5 447.1 722.6 215.4 108.2 708.8 678.2 642.1 294.2 722.0  47.1 811.3 857.1 587.3 775.1
987.4 444.7 945.1 186.9 709.7 657.8 629.1 208.8 691.7 967.1 220.6 766.7 596.7 224.9 443.0 745.0 528.9 493.7 833.2 158.6 915.7   0.0 620.7 803.2 497.2 359.8 660.5 434.9 130.0 536.9  98.0  60.1 445.0 414.3 104.5 373.8 800.4  60.3 426.4  35.8 927.2 557.0 320.7 470.5 822.1 340.5 509.1 751.0 160.7  61.0
184.7 673.0  10.7 153.3 748.1 841.4 607.2 441.8 861.9 927.4 141.9 506.7 555.9 225.1 499.3 447.6 735.7 294.6 385.8 788.8 123.8 620.7   0.0 455.0  73.5 611.9  92.2 349.3 676.9 128.0 842.0 762.9 895.8 543.3 390.4 402.6 682.6 883.9 497.7 288.1 855.5 368.0  57.0 829.9 769.1 120.6 465.1 568.0 975.8 900.1
 98.8 912.1 724.0 521.7 468.9 446.6 532.9 874.2 768.9 862.3 370.7 403.1 675.1 468.8 386.4 258.6 686.6 254.5 352.1 760.1 520.4 803.2 455.0   0.0 563.0 841.1 771.7 420.7 552.9 819.6 900.9  42.6 717.2 159.9 303.9 679.8 933.2 246.0 148.4 917.4 958.5 617.4 608.3 292.8 935.7 843.7 380.0 989.8 290.4 668.0
303.2  57.9 166.7 377.9  83.0 701.9 200.1 643.5  53.4 448.4 934.1 940.1 582.5 968.9 552.0 302.4  68.7 275.5 853.1 403.9 477.7 497.2  73.5 563.0   0.0 743.2 794.2 453.7 743.3  89.2 354.8 557.0 698.5  31.6 334.0 364.7 335.7 720.2 605.2  20.1 741.2 911.3 609.2  20.1 700.7 860.9 635.3 763.7 844.7 241.4
897.9 209.2 651.0  69.5 822.1 528.1 511.7 217.8 488.8 230.0 983.0 996.3 289.1 479.9 492.5 729.9 935.3 370.6 797.7  96.0 818.9 359.8 611.9 841.1 743.2   0.0  62.1 187.3 618.8 293.2 781.0 287.3 925.5 203.6 278.9 185.7 716.8 258.4 329.2 912.8 428.2 236.0 251.4 386.5 634.9 844.9 502.8 579.5 352.5 952.5
869.3 139.1 217.9 761.7 213.1 625.9 620.0 146.6 446.8 196.7 348.2 985.9  40.7  90.1  40.1 263.2 675.1  87.9 762.4  64.1 214.9 660.5  92.2 771.7 794.2  62.1   0.0 437.2 134.7 309.3 846.6 598.8 408.8 953.6 950.6 958.4  13.4 290.8 699.9 456.0 724.1 827.3 288.7 314.5 135.3 642.7 915.3 716.4 809.4 927.7
950.8 726.7 214.7 164.7 360.6 120.4 491.9 681.3 542.1 596.4 814.1 147.1 845.6  20.2 140.9 529.5 109.7 143.2 160.3 619.6 176.2 434.9 349.3 420.7 453.7 187.3 437.2   0.0 851.2 312.9 784.1 388.7 895.8 710.9  59.8 410.3 755.7 478.9 135.7 251.4 585.8 702.2 391.4 994.8  49.7 979.6 838.7  80.1 222.6  15.6
595.3 619.2 104.4 659.4 656.9 775.5 982.9 804.6 638.8 761.4 212.6  58.5 623.6 170.4 554.6 819.5  10.6 451.8 445.6 739.5 738.8 130.0 676.9 552.9 743.3 618.8 134.7 851.2   0.0 855.8 814.9 394.8 645.7 121.7 115.0 439.2 554.0 582.2 986.7 921.6 649.7 167.5 217.3 718.1 409.4 170.1 864.9 125.3 583.2 810.9
178.8 523.6 274.2 364.1 312.8 861.0 355.6 766.3 350.4  59.1 519.3 485.1 962.5 524.0 172.8 425.2 828.2 762.5  95.3 744.8  73.0 536.9 128.0 819.6  89.2 293.2 309.3 312.9 855.8   0.0 726.0 365.4 173.0 365.9 318.7 551.9 668.6 610.4 255.5 654.4 496.5  68.3 313.9 983.9  76.9 683.8 811.0  44.2 572.8 242.7
153.0 840.8 833.2 541.9  87.5 323.2 874.7 504.3 291.0 914.6 478.1 365.3 190.5 759.4 149.1 132.2 596.4 302.9 828.2 285.3 642.7  98.0 842.0 900.9 354.8 781.0 846.6 784.1 814.9 726.0   0.0 117.3 952.7 486.5 743.7 690.0 805.2 112.6 229.8 874.1 369.1 503.5 237.5 856.1 496.0  56.2 616.9 343.5 596.4 427.3
788.4 958.0 864.1 176.5 108.0 883.6 353.3 561.9 366.4 648.5 789.5  86.0 442.2 503.2 595.0 828.6 465.6 545.3  92.2 542.1 687.2  60.1 762.9  42.6 557.0 287.3 598.8 388.7 394.8 365.4 117.3   0.0 112.2 377.3 307.9 309.4 824.6 363.0 190.8 159.7 811.1 296.7 988.0 844.6 334.0 364.8 935.6 750.1  37.0 594.8
905.3 346.1  55.8 826.1 805.6 243.4 109.2 912.7 489.5 810.7 795.9 992.3 227.3 955.9 661.1 895.6 451.5 935.9 456.3 407.6 840.6 445.0 895.8 717.2 698.5 925.5 408.8 895.8 645.7 173.0 952.7 112.2   0.0 425.2 427.4 123.5 511.1 654.5 140.6 792.6 417.4 395.0 847.8 802.2 592.7 505.6 951.0  30.7 582.1  67.3
435.3 579.8 269.5 701.7 786.0 171.1  57.5 656.6 485.6 919.1 412.0 579.5 657.6 693.3 541.6 655.0  10.3 602.3 205.9 728.9  88.0 414.3 543.3 159.9  31.6 203.6 953.6 710.9 121.7 365.9 486.5 377.3 425.2   0.0 314.5 387.9 495.8 699.4  78.5 385.9  14.2 475.3 717.4 773.4 497.7 678.6 905.9 450.5 970.5 684.2
667.4 748.4 720.0 195.8  50.7 685.4 962.4 288.5 504.4 725.9 841.5 741.1 425.4 673.8 959.5 846.3 547.7 431.9 174.9 495.0 696.1 104.5 390.4 303.9 334.0 278.9 950.6  59.8 115.0 318.7 743.7 307.9 427.4 314.5   0.0 435.3 121.4 849.8 961.4 336.1 884.4 383.7 627.0 582.4 677.8 582.8 130.2 471.2 395.9 499.4
 18.3 493.2 221.7 931.8 870.7 923.7 250.7 774.0 338.3 963.9 219.7  32.9  40.8 292.3 242.1 139.6 352.5 760.4 429.3 847.5 160.5 373.8 402.6 679.8 364.7 185.7 958.4 410.3 439.2 551.9 690.0 309.4 123.5 387.9 435.3   0.0  49.4 344.7 172.4 555.2 494.7 278.3 905.3 589.6 165.1 360.4 670.7 367.5 505.8  51.4
802.0 221.1 856.7 909.1 537.5 312.8  93.3 468.2 412.9 882.3 451.3 832.7 498.5 613.6 929.4 354.0 298.0 213.0 213.2 897.1 447.1 800.4 682.6 933.2 335.7 716.8  13.4 755.7 554.0 668.6 805.2 824.6 511.1 495.8 121.4  49.4   0.0 400.1 444.6 187.6 353.2 676.6 494.6 898.2 788.5 283.5 778.9 221.6 641.1 921.9
487.7 764.8  55.4 389.5  94.4 769.2 896.4 278.3  88.6 934.6 785.4 712.5 382.3 563.4 796.1 117.9 688.0 267.5 879.9 448.0 722.6  60.3 883.9 246.0 720.2 258.4 290.8 478.9 582.2 610.4 112.6 363.0 654.5 699.4 849.8 344.7 400.1   0.0 740.3 433.8 352.2 787.6  40.6 271.4 711.9 888.1 553.6 963.8 748.4 980.1
232.1 833.2  48.8 507.6 293.7  89.6 738.6 683.9 899.9 724.3 851.3 625.6 210.0 695.7 468.2 435.6 578.4 774.7 158.5  59.1 215.4 426.4 497.7 148.4 605.2 329.2 699.9 135.7 986.7 255.5 229.8 190.8 140.6  78.5 961.4 172.4 444.6 740.3   0.0 149.0 526.4 852.0 949.8 308.2 213.3 927.7  74.4 531.8 344.2 319.9
437.7 644.1 662.0 119.6  50.3 517.4 210.7 870.3 508.5 910.4 720.4 468.3 793.8 365.5 534.7 899.7 907.0 656.9 436.7 650.3 108.2  35.8 288.1 917.4  20.1 912.8 456.0 251.4 921.6 654.4 874.1 159.7 792.6 385.9 336.1 555.2 187.6 433.8 149.0   0.0 405.9 900.1 624.0 648.9 788.6 232.6  88.9 924.8 606.4 778.2
317.2 814.5 315.1 590.2 646.5 773.3 989.7 705.1 342.8 769.2 424.1 858.4 611.1 258.1 387.0 111.1 511.9 403.2 794.7 929.5 708.8 927.2 855.5 958.5 741.2 428.2 724.1 585.8 649.7 496.5 369.1 811.1 417.4  14.2 884.4 494.7 353.2 352.2 526.4 405.9   0.0 882.0 813.9 184.8 339.5 224.2 997.3 317.9 785.7 795.0
242.7 785.3 349.2 618.0 816.6 342.2 427.4 702.2 847.6 477.0 304.3 863.2 974.9 402.9 485.6 627.6 178.6 666.8 509.6 948.0 678.2 557.0 368.0 617.4 911.3 236.0 827.3 702.2 167.5  68.3 503.5 296.7 395.0 475.3 383.7 278.3 676.6 787.6 852.0 900.1 882.0   0.0 826.7 705.9 984.0 567.2 356.2 271.1 473.3 621.8
992.6 180.9 993.9  39.4 974.7 875.5 280.3  45.6 833.9 224.5 779.3 431.8 133.4 901.2 600.2  40.1 477.0 483.8 451.5 626.8 642.1 320.7  57.0 608.3 609.2 251.4 288.7 391.4 217.3 313.9 237.5 988.0 847.8 717.4 627.0 905.3 494.6  40.6 949.8 624.0 813.9 826.7   0.0 301.4 294.8 822.1 653.0 154.5 499.6 816.8
452.4 328.5 260.9 491.4 630.9 937.5 221.3 732.8 210.4 898.9 125.4 437.8 677.0 658.0 887.5 417.9 306.7 186.8 662.8 174.6 294.2 470.5 829.9 292.8  20.1 386.5 314.5 994.8 718.1 983.9 856.1 844.6 802.2 773.4 582.4 589.6 898.2 271.4 308.2 648.9 184.8 705.9 301.4   0.0 982.4 334.2  52.1 820.6 964.8 402.6
813.3 997.0 490.6 871.7 310.7 768.8 799.7  25.5 505.6 299.3 333.2 609.3 153.9  16.8 155.9 811.1 313.3 381.3 311.8 629.5 722.0 822.1 769.1 935.7 700.7 634.9 135.3  49.7 409.4  76.9 496.0 334.0 592.7 497.7 677.8 165.1 788.5 711.9 213.3 788.6 339.5 984.0 294.8 982.4   0.0 757.4 229.5 531.9 506.0 218.6
448.2 930.6  43.2 160.0 946.5 364.7 490.5 529.5 412.4 610.6 775.8 190.3 759.7  95.9 190.0 599.8 452.2  95.0 867.3 666.7  47.1 340.5 120.6 843.7 860.9 844.9 642.7 979.6 170.1 683.8  56.2 364.8 505.6 678.6 582.8 360.4 283.5 888.1 927.7 232.6 224.2 567.2 822.1 334.2 757.4   0.0 994.7  79.5 249.2 978.5
785.7  55.1 571.5 882.5 211.1 239.8 172.6 761.7 656.8 136.5 658.7 869.6 770.0 381.3 704.3 691.3 816.3 534.3 370.9 165.5 811.3 509.1 465.1 380.0 635.3 502.8 915.3 838.7 864.9 811.0 616.9 935.6 951.0 905.9 130.2 670.7 778.9 553.6  74.4  88.9 997.3 356.2 653.0  52.1 229.5 994.7   0.0 322.5 670.2 117.6
862.8 858.8  39.3 624.5 585.8 916.9 315.9 325.3 948.1 143.6 558.4 247.1  37.6  15.9 400.0 106.7 319.1 231.9 589.8 989.7 857.1 751.0 568.0 989.8 763.7 579.5 716.4  80.1 125.3  44.2 343.5 750.1  30.7 450.5 471.2 367.5 221.6 963.8 531.8 924.8 317.9 271.1 154.5 820.6 531.9  79.5 322.5   0.0 425.4 420.3
586.5 278.7 792.7 317.7  23.8 114.0 769.7  31.1  38.9 987.9 411.8 419.3 580.6 886.9 954.6 107.5 469.5 558.9 245.4 406.0 587.3 160.7 975.8 290.4 844.7 352.5 809.4 222.6 583.2 572.8 596.4  37.0 582.1 970.5 395.9 505.8 641.1 748.4 344.2 606.4 785.7 473.3 499.6 964.8 506.0 249.2 670.2 425.4   0.0 549.5
 78.3 515.0 889.8 202.6 943.0 629.4 644.9 616.9 317.3 336.0 174.4 982.2 704.2 663.0 166.3 818.0 728.2 805.2 956.4 192.5 775.1  61.0 900.1 668.0 241.4 952.5 927.7  15.6 810.9 242.7 427.3 594.8  67.3 684.2 499.4  51.4 921.9 980.1 319.9 778.2 795.0 621.8 816.8 402.6 218.6 978.5 117.6 420.3 549.5   0.0